[app/ui]
version = 9.0.1
modtime = 1662569327.475316000

[app/launcher]
version = 9.0.1
modtime = 1662569327.476636000
